Number of users: 10964
Number of follows links: 11731
DFS visit order: [10021642, 77080636, 14825788, 14837223, 15774009, 16384619, 29328645, 38954589, 50652163, 54927001, 55079703, 55610170, 55716652, 56682789, 58932850, 6042412, 62840639, 68789827, 69314312, 70616102, 77649229, 78630214, 79932910, 80123771, 80684682, 82179523, 86048152, 87067482, 90405070, 92313195, 95267165]
BFS visit order: [10021642, 77080636, 14825788, 14837223, 15774009, 16384619, 29328645, 38954589, 50652163, 54927001, 55079703, 55610170, 55716652, 56682789, 58932850, 6042412, 62840639, 68789827, 69314312, 70616102, 77649229, 78630214, 79932910, 80123771, 80684682, 82179523, 86048152, 87067482, 90405070, 92313195, 95267165]
Most followers: [68599108]
No followers: 10899
Don't follow anyone: 9
Receive most tweets: [15014304]
Tweet reaches self: 12 [11208532, 14346620, 15033985, 15043190, 15949665, 1830491, 19383694, 21734113, 68599108, 73163222, 87205493, 97774198]
Most users reached: 6997 [12345]
Minutes to get tweet: 3
