Number of users: 168
Number of follows links: 276
DFS visit order: [108201150, 12345, 125853877, 131007969, 155286037, 172258020, 79007036, 168085289, 172522491, 26700410, 133415587, 141303588, 15040249, 152377745, 186432710, 158266572, 168609377, 67603734, 169481812, 171058188, 172330346, 174202949, 175761790, 176705120, 177896710, 179575805, 1830491, 13348, 289844042, 14120729, 14312923, 14818663, 257153137, 19089507, 281152632, 15033985, 16100983, 17787164, 18937385, 60213983, 274695609, 279933238, 28308717, 29583970, 30073582, 34531371, 41222090, 4311961, 57676498, 59587395, 61797814, 68599108, 69913090, 70979034, 79161284, 185222627, 188785738, 191907234, 196151979, 199696420, 208298898, 215912618, 22727506, 146042969, 235590201, 266430413, 67222882, 277388023, 92920691, 278158582, 67342428, 239296916, 255004278, 256236709, 262051688, 271864878, 280178625, 49833, 52637047, 64705464, 77080636, 815096, 8256162]
BFS visit order: [108201150, 12345, 125853877, 131007969, 133415587, 141303588, 15040249, 152377745, 155286037, 158266572, 168085289, 168609377, 169481812, 171058188, 172258020, 172330346, 172522491, 174202949, 175761790, 176705120, 177896710, 179575805, 1830491, 185222627, 186432710, 188785738, 191907234, 196151979, 199696420, 208298898, 215912618, 22727506, 239296916, 255004278, 256236709, 262051688, 26700410, 271864878, 280178625, 49833, 52637047, 64705464, 77080636, 79007036, 815096, 8256162, 67603734, 13348, 14120729, 14312923, 14818663, 15033985, 16100983, 17787164, 18937385, 19089507, 257153137, 274695609, 279933238, 281152632, 28308717, 29583970, 30073582, 34531371, 41222090, 4311961, 57676498, 59587395, 60213983, 61797814, 68599108, 69913090, 70979034, 79161284, 146042969, 235590201, 266430413, 277388023, 278158582, 67222882, 67342428, 92920691, 289844042]
Most followers: [12345]
No followers: 84
Don't follow anyone: 1
Receive most tweets: [97774198]
Tweet reaches self: 62 [108201150, 11208532, 113737105, 12345, 129506729, 14346620, 14818663, 149441046, 150023453, 15033985, 15043190, 152377745, 153122954, 155286037, 158847086, 15949665, 164229465, 169266212, 172258020, 182011705, 1830491, 186432710, 186814216, 19089507, 19383694, 197241948, 203693980, 214506783, 21734113, 233690686, 234578083, 234636517, 257153137, 265426845, 266709217, 273765793, 275001758, 280203189, 280278237, 281152632, 281596176, 284403255, 284766787, 284822082, 285279999, 286652242, 286882489, 288410985, 289004901, 289703194, 290317977, 290603615, 31652879, 39297963, 49127807, 57676498, 72457333, 73163222, 87205493, 87305868, 87846458, 97774198]
Most users reached: 87 [777925]
Minutes to get tweet: 3
